structure(c(NA, NA, NA, 0, NA, NA, NA, NA, NA, 0, NA, NA, NA, 
NA, NA, 0, NA, NA, NA, NA, NA, 0, NA, NA, NA, NA, NA, 0, NA, 
NA, NA, NA, NA, 0, NA, NA, NA, NA, NA, 0, NA, NA, NA, NA, NA, 
0, NA, NA, NA, NA, NA, 0, NA, NA, NA, NA, NA, 0, NA, NA, NA, 
NA, NA, 0, NA, NA, NA, NA, NA, 0, NA, NA, NA, NA, NA, 0, NA, 
NA, NA, NA, NA, 0, NA, NA, NA, NA, NA, 0, NA, NA, NA, NA, NA, 
0, NA, NA, NA, NA, NA, 0, NA, NA, NA, NA, NA, 0, NA, NA, NA, 
NA, NA, 0, NA, NA, NA, NA, NA, 0, NA, NA, NA, NA, NA, 0, NA, 
NA, NA, NA, NA, 0, NA, NA, NA, NA, NA, 0, NA, NA, NA, NA, NA, 
0, NA, NA, NA, NA, NA, 0, NA, NA, NA, NA, NA, 0, NA, NA, NA, 
NA, NA, 0, NA, NA, NA, NA, NA, 0, NA, NA, NA, NA, NA, 0, NA, 
NA, NA, NA, NA, 0, NA, NA, NA, NA, NA, 0, NA, NA, NA, NA, NA, 
0, NA, NA, NA, NA, NA, 0, NA, NA, NA, NA, NA, 0, NA, NA, NA, 
NA, NA, 0, NA, NA, NA, NA, NA, 0, NA, NA, NA, NA, NA, 0, NA, 
NA, NA, NA, NA, 0, NA, NA, NA, NA, NA, 0, NA, NA, NA, NA, NA, 
0, NA, NA, NA, NA, NA, 0, NA, NA, NA, NA, NA, 0, NA, NA, NA, 
NA, NA, 0, NA, NA, NA, NA, NA, 0, NA, NA, NA, NA, NA, 0, NA, 
NA, NA, NA, NA, 0, NA, NA, NA, NA, NA, 0, NA, NA, NA, NA, NA, 
0, NA, NA, NA, NA, NA, 0, NA, NA, NA, NA, NA, 0, NA, NA, NA, 
NA, NA, 0, NA, NA, NA, NA, NA, 0, NA, NA, NA, NA, NA, 0, NA, 
NA, NA, NA, NA, 0, NA, NA, NA, NA, NA, 0, NA, NA, NA, NA, NA, 
0, NA, NA, NA, NA, NA, 0, NA, NA, NA, NA, NA, 0, NA, NA, NA, 
NA, NA, 0, NA, NA, NA, NA, NA, 0, NA, NA, NA, NA, NA, 0, NA, 
NA, NA, NA, NA, 0, NA, NA, NA, NA, NA, 0, NA, NA, NA, NA, NA, 
0, NA, NA, NA, NA, NA, 0, NA, NA, NA, NA, NA, 0, NA, NA, NA, 
NA, NA, 0, NA, NA, NA, NA, NA, 0, NA, NA, NA, NA, NA, 0, NA, 
NA, NA, NA, NA, 0, NA, NA, NA, NA, NA, 0, NA, NA, NA, NA, NA, 
0, NA, NA, NA, NA, NA, 0, NA, NA, NA, NA, NA, 0, NA, NA, NA, 
NA, NA, 0, NA, NA, NA, NA, NA, 0, NA, NA, NA, NA, NA, 0, NA, 
NA, NA, NA, NA, 0, NA, NA, NA, NA, NA, 0, NA, NA, NA, NA, NA, 
0, NA, NA, NA, NA, NA, 0, NA, NA, NA, NA, NA, 0, NA, NA, NA, 
NA, NA, 0, NA, NA, NA, NA, NA, 0, NA, NA, NA, NA, NA, 0, NA, 
NA, NA, NA, NA, 0, NA, NA, NA, NA, NA, 0, NA, NA, NA, NA, NA, 
0, NA, NA, NA, NA, NA, 0, NA, NA, NA, NA, NA, 0, NA, NA, NA, 
NA, NA, 0, NA, NA, NA, NA, NA, 0, NA, NA, NA, NA, NA, 0, NA, 
NA, NA, NA, NA, 0, NA, NA, NA, NA, NA, 0, NA, NA, NA, NA, NA, 
0, NA, NA, NA, NA, NA, 0, NA, NA, NA, NA, NA, 0, NA, NA, NA, 
NA, NA, 0, NA, NA, NA, NA, NA, 0, NA, NA, NA, NA, NA, 0, NA, 
NA, NA, NA, NA, 0, NA, NA, NA, NA, NA, 0, NA, NA, NA, NA, NA, 
0, NA, NA, NA, NA, NA, 0, NA, NA, NA, NA, NA, 0, NA, NA, NA, 
NA, NA, 0, NA, NA, NA, NA, NA, 0, NA, NA, NA, NA, NA, 0, NA, 
NA, NA, NA, NA, 0, NA, NA, NA, NA, NA, 0, NA, NA, NA, NA, NA, 
0, NA, NA, NA, NA, NA, 0, NA, NA, NA, NA, NA, 0, NA, NA, NA, 
NA, NA, 0, NA, NA, NA, NA, NA, 0, NA, NA, NA, NA, NA, 0, NA, 
NA, NA, NA, NA, 0, NA, NA, NA, NA, NA, 0, NA, NA, NA, NA, NA, 
0, NA, NA, NA, NA, NA, 0, NA, NA, NA, NA, NA, 0, NA, NA, NA, 
NA, NA, 0, NA, NA, NA, NA, NA, 0, NA, NA, NA, NA, NA, 0, NA, 
NA, NA, NA, NA, 0, NA, NA, NA, NA, NA, 0, NA, NA, NA, NA, NA, 
0, NA, NA, NA, NA, NA, 0, NA, NA, NA, NA, NA, 0, NA, NA, NA, 
NA, NA, 0, NA, NA, NA, NA, NA, 0, NA, NA, NA, NA, NA, 0, NA, 
NA, NA, NA, NA, 0, NA, NA, NA, NA, NA, 0, NA, NA, NA, NA, NA, 
0, NA, NA, NA, NA, NA, 0, NA, NA, NA, NA, NA, 0, NA, NA, NA, 
NA, NA, 0, NA, NA, NA, NA, NA, 0, NA, NA, NA, NA, NA, 0, NA, 
NA, NA, NA, NA, 0, NA, NA, NA, NA, NA, 0, NA, NA, NA, NA, NA, 
0, NA, NA, NA, NA, NA, 0, NA, NA, NA, NA, NA, 0, NA, NA, NA, 
NA, NA, 0, NA, NA, NA, NA, NA, 0, NA, NA, NA, NA, NA, 0, NA, 
NA, NA, NA, NA, 0, NA, NA, NA, NA, NA, 0, NA, NA, NA, NA, NA, 
0, NA, NA, NA, NA, NA, 0, NA, NA, NA, NA, NA, 0, NA, NA, NA, 
NA, NA, 0, NA, NA, NA, NA, NA, 0, NA, NA, NA, NA, NA, 0, NA, 
NA, NA, NA, NA, 0, NA, NA, NA, NA, NA, 0, NA, NA, NA, NA, NA, 
0, NA, NA, NA, NA, NA, 0, NA, NA, NA, NA, NA, 0, NA, NA, NA, 
NA, NA, 0, NA, NA, NA, NA, NA, 0, NA, NA, 20, 0, 14, 0, 0, 3, 
21, 0, 3, 0, 0, 4, 26, 1, 16, 0, 1, 4, 25, 0, 3, 0, 0, 3, 36, 
2, 25, 0, 0, 6, 35, 0, 0, 0, 0, 4, 19, 2, 10, 0, 0, 7, 19, 3, 
5, 0, 0, 1, 34, 5, 22, 0, 0, 8, 34, 0, 5, 0, 1, 1, 26, 2, 16, 
0, 1, 4, 26, 1, 7, 0, 0, 0, 27, 2, 16, 0, 0, 9, 27, 2, 2, 0, 
0, 2, 36, 2, 21, 0, 1, 11, 37, 3, 6, 0, 0, 2, 42, 2, 23, 0, 0, 
12, 42, 2, 4, 0, 0, 3, 36, 3, 26, 0, 1, 7, 35, 4, 6, 0, 1, 1, 
48, 3, 26, 0, 2, 10, 47, 0, 0, 0, 2, 7, 36, 1, 22, 0, 0, 10, 
37, 2, 7, 0, 0, 4, 33, 1, 19, 0, 1, 9, 33, 0, 2, 0, 1, 2, 40, 
2, 20, 0, 2, 11, 39, 0, 4, 0, 1, 0, 40, 4, 26, 0, 1, 9, 41, 1, 
2, 0, 1, 1, 31, 1, 21, 0, 1, 9, 31, 0, 5, 0, 0, 7, NA, NA, NA, 
0, NA, NA, NA, NA, NA, 0, NA, NA, NA, NA, NA, 0, NA, NA, NA, 
NA, NA, 0, NA, NA, NA, NA, NA, 0, NA, NA, NA, NA, NA, 0, NA, 
NA, NA, NA, NA, 0, NA, NA, NA, NA, NA, 0, NA, NA, NA, NA, NA, 
0, NA, NA, NA, NA, NA, 0, NA, NA, NA, NA, NA, 0, NA, NA, NA, 
NA, NA, 0, NA, NA, NA, NA, NA, 0, NA, NA, NA, NA, NA, 0, NA, 
NA, NA, NA, NA, 0, NA, NA, NA, NA, NA, 0, NA, NA, NA, NA, NA, 
0, NA, NA, NA, NA, NA, 0, NA, NA, NA, NA, NA, 0, NA, NA, NA, 
NA, NA, 0, NA, NA, NA, NA, NA, 0, NA, NA, NA, NA, NA, 0, NA, 
NA, NA, NA, NA, 0, NA, NA, NA, NA, NA, 0, NA, NA, NA, NA, NA, 
0, NA, NA, NA, NA, NA, 0, NA, NA, NA, NA, NA, 0, NA, NA, NA, 
NA, NA, 0, NA, NA, NA, NA, NA, 0, NA, NA, NA, NA, NA, 0, NA, 
NA, NA, NA, NA, 0, NA, NA, NA, NA, NA, 0, NA, NA, NA, NA, NA, 
0, NA, NA, NA, NA, NA, 0, NA, NA, NA, NA, NA, 0, NA, NA, NA, 
NA, NA, 0, NA, NA, NA, NA, NA, 0, NA, NA, NA, NA, NA, 0, NA, 
NA, NA, NA, NA, 0, NA, NA, NA, NA, NA, 0, NA, NA, NA, NA, NA, 
0, NA, NA, NA, NA, NA, 0, NA, NA, NA, NA, NA, 0, NA, NA, NA, 
NA, NA, 0, NA, NA, NA, NA, NA, 0, NA, NA, NA, NA, NA, 0, NA, 
NA, NA, NA, NA, 0, NA, NA, NA, NA, NA, 0, NA, NA, 30, 2, 19, 
0, 1, 5, 31, 1, 5, 0, 0, 0, 36, 2, 22, 0, 0, 8, 36, 0, 6, 0, 
0, 3, 34, 2, 20, 0, 0, 7, 34, 1, 5, 0, 0, 5, 36, 2, 23, 0, 0, 
9, 37, 2, 2, 0, 0, 2, 20, 2, 13, 0, 0, 6, 21, 2, 6, 0, 0, 4, 
30, 0, 18, 0, 0, 11, 31, 1, 10, 0, 0, 4, 48, 5, 28, 0, 1, 14, 
47, 0, 10, 0, 0, 6, 49, 1, 29, 0, 0, 16, 49, 3, 6, 0, 1, 0, 36, 
2, 22, 0, 0, 15, 36, 4, 13, 0, 3, 4, 54, 3, 30, 0, 1, 15, 53, 
2, 7, 0, 1, 6, 45, 3, 24, 0, 0, 15, 45, 1, 4, 0, 0, 2, 52, 3, 
31, 0, 1, 16, 51, 3, 10, 0, 1, 9, 62, 6, 37, 0, 2, 16, 63, 0, 
13, 0, 1, 0, 58, 3, 34, 0, 0, 20, 58, 6, 6, 0, 2, 3, 42, 2, 28, 
0, 3, 9, 41, 2, 4, 0, 2, 6, 44, 2, 30, 0, 2, 5, 44, 4, 11, 0, 
3, 2, 33, 2, 29, 0, 1, 1, 33, 4, 8, 0, 0, 3, NA, NA, NA, 0, NA, 
NA, NA, NA, NA, 0, NA, NA, NA, NA, NA, 0, NA, NA, NA, NA, NA, 
0, NA, NA, NA, NA, NA, 0, NA, NA, NA, NA, NA, 0, NA, NA, NA, 
NA, NA, 0, NA, NA, NA, NA, NA, 0, NA, NA, NA, NA, NA, 0, NA, 
NA, NA, NA, NA, 0, NA, NA, NA, NA, NA, 0, NA, NA, NA, NA, NA, 
0, NA, NA, NA, NA, NA, 0, NA, NA, NA, NA, NA, 0, NA, NA, NA, 
NA, NA, 0, NA, NA, NA, NA, NA, 0, NA, NA, NA, NA, NA, 0, NA, 
NA, NA, NA, NA, 0, NA, NA, NA, NA, NA, 0, NA, NA, NA, NA, NA, 
0, NA, NA, NA, NA, NA, 0, NA, NA, NA, NA, NA, 0, NA, NA, NA, 
NA, NA, 0, NA, NA, NA, NA, NA, 0, NA, NA, NA, NA, NA, 0, NA, 
NA, NA, NA, NA, 0, NA, NA, NA, NA, NA, 0, NA, NA, NA, NA, NA, 
0, NA, NA, NA, NA, NA, 0, NA, NA, NA, NA, NA, 0, NA, NA, NA, 
NA, NA, 0, NA, NA, NA, NA, NA, 0, NA, NA, NA, NA, NA, 0, NA, 
NA, NA, NA, NA, 0, NA, NA, NA, NA, NA, 0, NA, NA, NA, NA, NA, 
0, NA, NA, NA, NA, NA, 0, NA, NA, NA, NA, NA, 0, NA, NA, NA, 
NA, NA, 0, NA, NA, NA, NA, NA, 0, NA, NA, NA, NA, NA, 0, NA, 
NA, NA, NA, NA, 0, NA, NA, NA, NA, NA, 0, NA, NA, NA, NA, NA, 
0, NA, NA, NA, NA, NA, 0, NA, NA, NA, NA, NA, 0, NA, NA, 32, 
0, 18, 0, 1, 12, 32, 4, 1, 0, 2, 0, 28, 2, 16, 0, 1, 8, 27, 3, 
5, 0, 1, 9, 36, 1, 23, 0, 0, 11, 35, 1, 6, 0, 0, 8, 37, 2, 24, 
0, 3, 10, 37, 1, 11, 0, 0, 3, 39, 6, 22, 0, 0, 15, 39, 2, 10, 
0, 1, 2, 44, 4, 21, 0, 1, 14, 44, 3, 5, 0, 1, 6, 37, 1, 28, 0, 
0, 9, 37, 2, 10, 0, 0, 5, 48, 4, 29, 0, 1, 14, 48, 5, 13, 0, 
1, 5, 64, 5, 37, 0, 1, 18, 63, 6, 10, 0, 0, 8, 60, 3, 34, 0, 
1, 15, 59, 0, 11, 0, 1, 2, 60, 5, 38, 0, 1, 14, 61, 2, 6, 0, 
0, 9, 65, 4, 40, 0, 1, 20, 65, 4, 3, 0, 0, 3, 52, 3, 32, 0, 0, 
12, 51, 3, 8, 0, 0, 7, 64, 3, 35, 0, 0, 22, 65, 2, 2, 0, 1, 6, 
47, 6, 30, 0, 0, 11, 47, 3, 21, 0, 1, 4, 42, 4, 31, 0, 2, 8, 
42, 1, 3, 0, 1, 3, 53, 2, 43, 0, 0, 7, 53, 9, 22, 0, 3, 3, 53, 
5, 36, 0, 0, 9, 53, 2, 16, 0, 0, 0, 36, 6, 31, 0, 0, 0, 37, 1, 
9, 0, 0, 0, NA, NA, NA, 0, NA, NA, NA, NA, NA, 0, NA, NA, NA, 
NA, NA, 0, NA, NA, NA, NA, NA, 0, NA, NA, NA, NA, NA, 0, NA, 
NA, NA, NA, NA, 0, NA, NA, NA, NA, NA, 0, NA, NA, NA, NA, NA, 
0, NA, NA, NA, NA, NA, 0, NA, NA, NA, NA, NA, 0, NA, NA, NA, 
NA, NA, 0, NA, NA, NA, NA, NA, 0, NA, NA, NA, NA, NA, 0, NA, 
NA, NA, NA, NA, 0, NA, NA, NA, NA, NA, 0, NA, NA, NA, NA, NA, 
0, NA, NA, NA, NA, NA, 0, NA, NA, NA, NA, NA, 0, NA, NA, NA, 
NA, NA, 0, NA, NA, NA, NA, NA, 0, NA, NA, NA, NA, NA, 0, NA, 
NA, NA, NA, NA, 0, NA, NA, NA, NA, NA, 0, NA, NA, NA, NA, NA, 
0, NA, NA, NA, NA, NA, 0, NA, NA, NA, NA, NA, 0, NA, NA, NA, 
NA, NA, 0, NA, NA, NA, NA, NA, 0, NA, NA, NA, NA, NA, 0, NA, 
NA, NA, NA, NA, 0, NA, NA, NA, NA, NA, 0, NA, NA, NA, NA, NA, 
0, NA, NA, NA, NA, NA, 0, NA, NA, NA, NA, NA, 0, NA, NA, NA, 
NA, NA, 0, NA, NA, NA, NA, NA, 0, NA, NA, NA, NA, NA, 0, NA, 
NA, NA, NA, NA, 0, NA, NA, NA, NA, NA, 0, NA, NA, NA, NA, NA, 
0, NA, NA, NA, NA, NA, 0, NA, NA, NA, NA, NA, 0, NA, NA, 24, 
1, 21, 0, 1, 3, 24, 2, 1, 0, 0, 0, 26, 0, 18, 0, 1, 5, 27, 1, 
5, 0, 0, 4, 32, 1, 19, 0, 1, 9, 32, 3, 3, 0, 2, 4, 24, 1, 16, 
0, 0, 7, 25, 1, 4, 0, 0, 2, 41, 3, 21, 0, 0, 13, 41, 2, 6, 0, 
0, 1, 28, 3, 19, 0, 0, 5, 28, 0, 5, 0, 1, 5, 49, 3, 24, 0, 0, 
17, 49, 2, 4, 0, 0, 1, 46, 4, 24, 0, 1, 15, 47, 1, 12, 0, 1, 
0, 44, 6, 28, 0, 1, 9, 45, 0, 3, 0, 1, 3, 48, 1, 23, 0, 2, 16, 
48, 2, 10, 0, 0, 7, 64, 5, 47, 0, 0, 14, 65, 2, 5, 0, 2, 0, 45, 
4, 30, 0, 0, 12, 45, 2, 4, 0, 0, 1, 53, 5, 29, 0, 2, 17, 53, 
0, 5, 0, 1, 1, 66, 2, 39, 0, 3, 18, 65, 5, 1, 0, 0, 2, 60, 4, 
45, 0, 1, 8, 60, 1, 7, 0, 0, 4, 46, 4, 31, 0, 0, 8, 45, 3, 15, 
0, 0, 1, 41, 1, 35, 0, 0, 1, 41, 1, 18, 0, 1, 3, 52, 4, 47, 0, 
0, 3, 53, 3, 19, 0, 0, 2, 48, 5, 42, 0, 0, 0, 47, 0, 8, 0, 0, 
1, 32, 2, 27, 0, 0, 0, 31, 2, 18, 0, 0, 1, NA, NA, NA, 0, NA, 
NA, NA, NA, NA, 0, NA, NA, NA, NA, NA, 0, NA, NA, NA, NA, NA, 
0, NA, NA, NA, NA, NA, 0, NA, NA, NA, NA, NA, 0, NA, NA, NA, 
NA, NA, 0, NA, NA, NA, NA, NA, 0, NA, NA, NA, NA, NA, 0, NA, 
NA, NA, NA, NA, 0, NA, NA, NA, NA, NA, 0, NA, NA, NA, NA, NA, 
0, NA, NA, NA, NA, NA, 0, NA, NA, NA, NA, NA, 0, NA, NA, NA, 
NA, NA, 0, NA, NA, NA, NA, NA, 0, NA, NA, NA, NA, NA, 0, NA, 
NA, NA, NA, NA, 0, NA, NA, NA, NA, NA, 0, NA, NA, NA, NA, NA, 
0, NA, NA, NA, NA, NA, 0, NA, NA, NA, NA, NA, 0, NA, NA, NA, 
NA, NA, 0, NA, NA, NA, NA, NA, 0, NA, NA, NA, NA, NA, 0, NA, 
NA, NA, NA, NA, 0, NA, NA, NA, NA, NA, 0, NA, NA, NA, NA, NA, 
0, NA, NA, NA, NA, NA, 0, NA, NA, NA, NA, NA, 0, NA, NA, NA, 
NA, NA, 0, NA, NA, NA, NA, NA, 0, NA, NA, NA, NA, NA, 0, NA, 
NA, NA, NA, NA, 0, NA, NA, NA, NA, NA, 0, NA, NA, NA, NA, NA, 
0, NA, NA, NA, NA, NA, 0, NA, NA, NA, NA, NA, 0, NA, NA, NA, 
NA, NA, 0, NA, NA, NA, NA, NA, 0, NA, NA, 16, 0, 9, 0, 2, 5, 
16, 0, 3, 0, 0, 3, 16, 1, 9, 0, 0, 6, 15, 2, 4, 0, 0, 1, 28, 
2, 19, 0, 0, 7, 29, 0, 5, 0, 1, 3, 24, 2, 16, 0, 0, 5, 24, 2, 
5, 0, 1, 7, 39, 0, 24, 0, 0, 10, 39, 1, 4, 0, 0, 0, 36, 5, 27, 
0, 0, 7, 35, 1, 3, 0, 1, 2, 48, 4, 30, 0, 1, 10, 49, 2, 4, 0, 
0, 6, 44, 2, 26, 0, 0, 14, 45, 4, 7, 0, 0, 10, 57, 1, 36, 0, 
5, 10, 57, 2, 4, 0, 0, 6, 53, 5, 33, 0, 3, 10, 53, 0, 7, 0, 1, 
3, 39, 5, 24, 0, 0, 12, 39, 2, 7, 0, 0, 8, 36, 3, 23, 0, 1, 15, 
35, 2, 5, 0, 1, 7, 56, 2, 35, 0, 1, 15, 57, 2, 10, 0, 0, 5, 56, 
2, 30, 0, 0, 19, 56, 4, 12, 0, 2, 7, 48, 0, 28, 0, 0, 16, 48, 
2, 7, 0, 0, 7, 48, 1, 37, 0, 1, 6, 48, 2, 5, 0, 0, 3, 50, 1, 
39, 0, 0, 8, 50, 3, 15, 0, 0, 1, 54, 4, 47, 0, 0, 2, 53, 1, 17, 
0, 0, 4, 38, 1, 31, 0, 0, 0, 38, 4, 29, 0, 0, 0, 39, 3, 36, 0, 
1, 0, 39, 0, 15, 0, 0, 0, 42, 0, 38, 0, 0, 1, 41, 1, 23, 0, 0, 
0, 36, 1, 35, 0, 0, 1, 36, 2, 6, 0, 0, 0, 32, 4, 26, 0, 0, 0, 
32, 0, 17, 0, 0, 1, 32, 4, 25, 0, 0, 5, 33, 0, 9, 0, 0, 1, NA, 
NA, NA, 0, NA, NA, NA, NA, NA, 0, NA, NA, NA, NA, NA, 0, NA, 
NA, NA, NA, NA, 0, NA, NA, NA, NA, NA, 0, NA, NA, NA, NA, NA, 
0, NA, NA, NA, NA, NA, 0, NA, NA, NA, NA, NA, 0, NA, NA, NA, 
NA, NA, 0, NA, NA, NA, NA, NA, 0, NA, NA, NA, NA, NA, 0, NA, 
NA, NA, NA, NA, 0, NA, NA, NA, NA, NA, 0, NA, NA, NA, NA, NA, 
0, NA, NA, NA, NA, NA, 0, NA, NA, NA, NA, NA, 0, NA, NA, NA, 
NA, NA, 0, NA, NA, NA, NA, NA, 0, NA, NA, NA, NA, NA, 0, NA, 
NA, NA, NA, NA, 0, NA, NA, NA, NA, NA, 0, NA, NA, NA, NA, NA, 
0, NA, NA, NA, NA, NA, 0, NA, NA, NA, NA, NA, 0, NA, NA, NA, 
NA, NA, 0, NA, NA, NA, NA, NA, 0, NA, NA, NA, NA, NA, 0, NA, 
NA, NA, NA, NA, 0, NA, NA, NA, NA, NA, 0, NA, NA, NA, NA, NA, 
0, NA, NA, NA, NA, NA, 0, NA, NA, NA, NA, NA, 0, NA, NA, 20, 
0, 12, 0, 1, 6, 20, 1, 4, 0, 1, 1, 26, 3, 12, 0, 1, 9, 27, 4, 
0, 0, 0, 2, 33, 6, 12, 0, 1, 14, 33, 2, 2, 0, 0, 3, 24, 1, 16, 
0, 1, 4, 23, 6, 5, 0, 0, 1, 38, 1, 23, 0, 0, 12, 37, 2, 0, 0, 
1, 3, 31, 1, 20, 0, 2, 12, 31, 1, 7, 0, 0, 3, 46, 0, 23, 0, 1, 
15, 45, 1, 7, 0, 0, 3, 42, 3, 22, 0, 1, 13, 42, 5, 7, 0, 3, 3, 
48, 5, 30, 0, 2, 9, 49, 2, 9, 0, 2, 4, 42, 3, 26, 0, 3, 8, 41, 
4, 7, 0, 1, 2, 60, 3, 39, 0, 2, 10, 59, 0, 3, 0, 2, 2, 46, 3, 
30, 0, 1, 11, 47, 6, 11, 0, 0, 9, 54, 4, 30, 0, 0, 13, 54, 1, 
2, 0, 1, 2, 36, 3, 15, 0, 1, 18, 36, 2, 9, 0, 1, 1, 52, 6, 34, 
0, 1, 13, 53, 2, 5, 0, 0, 7, 43, 1, 31, 0, 1, 7, 43, 2, 9, 0, 
1, 1, 43, 2, 28, 0, 0, 9, 43, 2, 11, 0, 1, 1, 38, 0, 34, 0, 0, 
2, 39, 0, 16, 0, 0, 0, 46, 3, 38, 0, 0, 1, 45, 1, 14, 0, 0, 0, 
54, 4, 43, 0, 0, 3, 55, 5, 15, 0, 0, 0, 48, 2, 39, 0, 0, 2, 48, 
2, 24, 0, 0, 1, 38, 1, 37, 0, 2, 1, 37, 1, 18, 0, 0, 1, 40, 6, 
30, 0, 1, 3, 41, 3, 10, 0, 0, 1, 32, 1, 26, 0, 0, 1, 32, 2, 12, 
0, 1, 1, 30, 3, 22, 0, 0, 2, 31, 1, 14, 0, 0, 1, 18, 2, 15, 0, 
0, 1, 17, 1, 8, 0, 0, 0, NA, NA, NA, 0, NA, NA, NA, NA, NA, 0, 
NA, NA, NA, NA, NA, 0, NA, NA, NA, NA, NA, 0, NA, NA, NA, NA, 
NA, 0, NA, NA, NA, NA, NA, 0, NA, NA, NA, NA, NA, 0, NA, NA, 
NA, NA, NA, 0, NA, NA, NA, NA, NA, 0, NA, NA, NA, NA, NA, 0, 
NA, NA, NA, NA, NA, 0, NA, NA, NA, NA, NA, 0, NA, NA, NA, NA, 
NA, 0, NA, NA, NA, NA, NA, 0, NA, NA, NA, NA, NA, 0, NA, NA, 
NA, NA, NA, 0, NA, NA, NA, NA, NA, 0, NA, NA, NA, NA, NA, 0, 
NA, NA, NA, NA, NA, 0, NA, NA, NA, NA, NA, 0, NA, NA, NA, NA, 
NA, 0, NA, NA, NA, NA, NA, 0, NA, NA, NA, NA, NA, 0, NA, NA, 
NA, NA, NA, 0, NA, NA, NA, NA, NA, 0, NA, NA, NA, NA, NA, 0, 
NA, NA, NA, NA, NA, 0, NA, NA, NA, NA, NA, 0, NA, NA, 24, 2, 
18, 0, 1, 4, 24, 0, 5, 0, 0, 2, 25, 2, 13, 0, 1, 9, 25, 0, 4, 
0, 0, 0, 21, 2, 11, 0, 1, 7, 21, 0, 6, 0, 1, 4, 24, 1, 18, 0, 
0, 4, 23, 0, 5, 0, 0, 0, 32, 0, 22, 0, 1, 10, 33, 0, 3, 0, 0, 
4, 32, 1, 22, 0, 0, 9, 33, 2, 6, 0, 0, 0, 38, 1, 28, 0, 1, 9, 
37, 0, 4, 0, 0, 2, 39, 4, 22, 0, 0, 9, 39, 0, 7, 0, 1, 7, 44, 
4, 20, 0, 1, 16, 45, 2, 3, 0, 0, 5, 43, 7, 24, 0, 1, 12, 43, 
0, 0, 0, 1, 1, 40, 6, 28, 0, 1, 6, 39, 2, 6, 0, 0, 5, 35, 2, 
26, 0, 0, 9, 35, 1, 2, 0, 0, 3, 44, 5, 27, 0, 1, 12, 44, 1, 5, 
0, 0, 0, 46, 2, 34, 0, 1, 9, 45, 1, 0, 0, 2, 4, 32, 2, 27, 0, 
1, 3, 33, 6, 6, 0, 2, 6, 46, 4, 32, 0, 1, 9, 46, 2, 4, 0, 0, 
0, 37, 0, 29, 0, 1, 5, 37, 7, 8, 0, 1, 0, 38, 4, 31, 0, 0, 2, 
38, 3, 13, 0, 0, 0, 36, 3, 31, 0, 0, 1, 37, 4, 7, 0, 0, 0, 40, 
2, 33, 0, 0, 4, 39, 1, 14, 0, 0, 2, 40, 5, 32, 0, 1, 4, 39, 4, 
14, 0, 0, 0, 50, 2, 43, 0, 0, 1, 50, 2, 15, 0, 1, 2, 58, 7, 38, 
0, 2, 7, 57, 2, 11, 0, 0, 0, 45, 2, 37, 0, 0, 3, 45, 0, 9, 0, 
0, 0, 30, 2, 25, 0, 0, 1, 31, 0, 21, 0, 1, 1, 18, 1, 16, 0, 0, 
1, 17, 0, 9, 0, 0, 0, NA, NA, NA, 0, NA, NA, NA, NA, NA, 0, NA, 
NA, 7, 0, 5, 0, 0, 0, 7, 0, 2, 0, 0, 0, 4, 0, 2, 0, 0, 1, 4, 
0, 1, 0, 0, 1, 3, 2, 0, 0, 0, 2, 3, 0, 1, 0, 1, 1, NA, NA, NA, 
0, NA, NA, NA, NA, NA, 0, NA, NA, NA, NA, NA, 0, NA, NA, NA, 
NA, NA, 0, NA, NA, NA, NA, NA, 0, NA, NA, NA, NA, NA, 0, NA, 
NA, NA, NA, NA, 0, NA, NA, NA, NA, NA, 0, NA, NA, NA, NA, NA, 
0, NA, NA, NA, NA, NA, 0, NA, NA, NA, NA, NA, 0, NA, NA, NA, 
NA, NA, 0, NA, NA, NA, NA, NA, 0, NA, NA, NA, NA, NA, 0, NA, 
NA, NA, NA, NA, 0, NA, NA, NA, NA, NA, 0, NA, NA, NA, NA, NA, 
0, NA, NA, NA, NA, NA, 0, NA, NA, NA, NA, NA, 0, NA, NA, NA, 
NA, NA, 0, NA, NA, 17, 0, 9, 0, 1, 4, 17, 2, 3, 0, 1, 3, 20, 
4, 9, 0, 0, 8, 21, 0, 4, 0, 0, 0, 36, 1, 22, 0, 1, 10, 36, 0, 
6, 0, 2, 4, 30, 1, 16, 0, 3, 10, 29, 0, 3, 0, 0, 1, 36, 3, 21, 
0, 0, 10, 35, 2, 3, 0, 0, 3, 24, 2, 15, 0, 1, 7, 25, 0, 5, 0, 
0, 2, 26, 2, 17, 0, 0, 5, 26, 2, 0, 0, 0, 1, 26, 3, 14, 0, 1, 
10, 25, 1, 3, 0, 0, 3, 21, 1, 18, 0, 0, 3, 21, 3, 3, 0, 0, 4, 
23, 0, 18, 0, 0, 6, 23, 1, 4, 0, 1, 3, 21, 1, 17, 0, 0, 6, 21, 
1, 10, 0, 1, 0, 34, 0, 17, 0, 1, 11, 34, 2, 7, 0, 1, 6, 40, 2, 
24, 0, 0, 12, 39, 2, 4, 0, 0, 3, 34, 3, 17, 0, 1, 11, 33, 1, 
4, 0, 0, 4, 27, 5, 18, 0, 1, 5, 27, 1, 10, 0, 0, 3, 38, 5, 21, 
0, 2, 7, 38, 5, 0, 0, 0, 1, 30, 2, 24, 0, 0, 5, 31, 2, 9, 0, 
0, 3, 32, 1, 28, 0, 0, 2, 33, 3, 12, 0, 0, 4, 32, 3, 26, 0, 0, 
2, 32, 1, 9, 0, 0, 1, 34, 2, 25, 0, 1, 4, 33, 2, 7, 0, 1, 4, 
41, 5, 28, 0, 0, 3, 41, 5, 12, 0, 2, 4, 37, 3, 30, 0, 0, 4, 37, 
3, 11, 0, 0, 1, 37, 0, 29, 0, 0, 3, 37, 4, 13, 0, 1, 1, 50, 3, 
45, 0, 1, 1, 50, 4, 11, 0, 0, 0, 24, 2, 22, 0, 0, 1, 25, 3, 22, 
0, 0, 2, 32, 5, 26, 0, 0, 5, 33, 2, 14, 0, 0, 0, 18, 1, 15, 0, 
0, 2, 19, 2, 3, 0, 0, 2, 12, 1, 6, 0, 1, 4, 12, 0, 6, 0, 0, 1, 
6, 0, 3, 0, 0, 2, 5, 1, 1, 0, 0, 0, 2, 0, 1, 0, 0, 2, 3, 0, 0, 
0, 0, 0, 7, 0, 4, 0, 0, 2, 7, 0, 2, 0, 0, 3, NA, NA, NA, 0, NA, 
NA, NA, NA, NA, 0, NA, NA, NA, NA, NA, 0, NA, NA, NA, NA, NA, 
0, NA, NA, NA, NA, NA, 0, NA, NA, NA, NA, NA, 0, NA, NA, NA, 
NA, NA, 0, NA, NA, NA, NA, NA, 0, NA, NA, NA, NA, NA, 0, NA, 
NA, NA, NA, NA, 0, NA, NA, NA, NA, NA, 0, NA, NA, NA, NA, NA, 
0, NA, NA, NA, NA, NA, 0, NA, NA, NA, NA, NA, 0, NA, NA, NA, 
NA, NA, 0, NA, NA, NA, NA, NA, 0, NA, NA, NA, NA, NA, 0, NA, 
NA, NA, NA, NA, 0, NA, NA, 12, 1, 7, 0, 0, 3, 11, 1, 2, 0, 1, 
3, 28, 1, 14, 0, 0, 9, 27, 1, 0, 0, 0, 0, 29, 0, 17, 0, 0, 13, 
29, 0, 2, 0, 1, 1, 32, 2, 17, 0, 0, 12, 32, 1, 3, 0, 1, 2, 24, 
0, 14, 0, 2, 7, 25, 1, 0, 0, 0, 1, 35, 2, 21, 0, 0, 9, 35, 2, 
2, 0, 0, 3, 24, 0, 12, 0, 2, 9, 25, 0, 0, 0, 0, 0, 18, 1, 9, 
0, 1, 6, 18, 0, 0, 0, 0, 0, 19, 3, 8, 0, 0, 8, 19, 0, 0, 0, 0, 
0, 23, 0, 9, 0, 0, 9, 23, 0, 0, 0, 0, 0, 18, 1, 8, 0, 1, 10, 
19, 0, 0, 0, 0, 0, 20, 1, 10, 0, 4, 7, 19, 0, 0, 0, 0, 0, 26, 
2, 17, 0, 1, 7, 25, 0, 0, 0, 0, 0, 26, 4, 17, 0, 0, 7, 26, 0, 
0, 0, 0, 0, 34, 4, 22, 0, 1, 8, 34, 0, 0, 0, 0, 0, 22, 2, 13, 
0, 2, 5, 22, 1, 0, 0, 1, 0, 23, 2, 14, 0, 0, 5, 23, 2, 6, 0, 
1, 0, 34, 2, 21, 0, 0, 9, 35, 1, 16, 0, 2, 0, 29, 3, 17, 0, 1, 
8, 29, 0, 4, 0, 0, 1, 25, 5, 16, 0, 0, 5, 25, 5, 11, 0, 1, 2, 
43, 2, 28, 0, 1, 10, 43, 3, 8, 0, 0, 0, 36, 3, 28, 0, 1, 3, 36, 
0, 7, 0, 0, 2, 39, 2, 30, 0, 0, 3, 39, 5, 10, 0, 0, 2, 39, 5, 
29, 0, 1, 3, 39, 1, 9, 0, 1, 2, 38, 1, 28, 0, 0, 1, 37, 2, 14, 
0, 0, 2, 25, 3, 23, 0, 0, 0, 25, 2, 5, 0, 0, 1, 20, 0, 15, 0, 
0, 2, 19, 1, 7, 0, 0, 0, 8, 1, 5, 0, 0, 2, 9, 0, 9, 0, 0, 1, 
7, 0, 4, 0, 0, 2, 7, 1, 3, 0, 0, 1, 7, 1, 3, 0, 0, 2, 7, 0, 4, 
0, 0, 2, 11, 0, 6, 0, 0, 4, 11, 0, 5, 0, 0, 2, 6, 0, 3, 0, 0, 
2, 5, 1, 0, 0, 0, 0, NA, NA, NA, 0, NA, NA, NA, NA, NA, 0, NA, 
NA, NA, NA, NA, 0, NA, NA, NA, NA, NA, 0, NA, NA, NA, NA, NA, 
0, NA, NA, NA, NA, NA, 0, NA, NA, NA, NA, NA, 0, NA, NA, NA, 
NA, NA, 0, NA, NA, NA, NA, NA, 0, NA, NA, NA, NA, NA, 0, NA, 
NA, NA, NA, NA, 0, NA, NA, NA, NA, NA, 0, NA, NA, NA, NA, NA, 
0, NA, NA, NA, NA, NA, 0, NA, NA, NA, NA, NA, 0, NA, NA, NA, 
NA, NA, 0, NA, NA, 9, 1, 5, 0, 0, 3, 9, 0, 0, 0, 0, 2, 14, 1, 
9, 0, 0, 3, 14, 0, 4, 0, 0, 6, 24, 0, 12, 0, 0, 9, 25, 1, 1, 
0, 0, 7, 24, 1, 13, 0, 1, 8, 23, 2, 6, 0, 1, 4, 26, 1, 10, 0, 
2, 13, 25, 3, 1, 0, 0, 2, 25, 2, 13, 0, 0, 11, 25, 2, 2, 0, 0, 
2, 15, 1, 9, 0, 0, 4, 15, 0, 0, 0, 0, 0, 16, 1, 14, 0, 0, 3, 
16, 0, 0, 0, 0, 0, 7, 0, 4, 0, 0, 2, 7, 0, 0, 0, 0, 0, 10, 0, 
7, 0, 1, 2, 11, 0, 0, 0, 0, 0, 12, 0, 7, 0, 0, 4, 12, 0, 0, 0, 
0, 0, 17, 1, 10, 0, 1, 6, 17, 0, 0, 0, 0, 0, 14, 0, 8, 0, 1, 
5, 14, 0, 0, 0, 0, 0, 22, 6, 8, 0, 1, 9, 22, 0, 0, 0, 0, 0, 14, 
1, 7, 0, 0, 6, 14, 2, 0, 0, 0, 0, 23, 0, 12, 0, 1, 9, 23, 0, 
0, 0, 0, 2, 28, 3, 23, 0, 0, 7, 28, 2, 0, 0, 0, 0, 28, 4, 13, 
0, 0, 11, 27, 0, 4, 0, 0, 1, 24, 5, 10, 0, 1, 10, 25, 4, 7, 0, 
0, 4, 30, 6, 14, 0, 1, 11, 30, 0, 5, 0, 0, 2, 26, 3, 17, 0, 3, 
4, 27, 1, 11, 0, 0, 3, 30, 3, 22, 0, 1, 4, 29, 2, 6, 0, 0, 3, 
34, 4, 25, 0, 0, 6, 34, 4, 13, 0, 1, 2, 37, 6, 26, 0, 1, 4, 37, 
3, 13, 0, 1, 3, 38, 2, 30, 0, 1, 4, 39, 0, 13, 0, 0, 1, 20, 1, 
19, 0, 0, 1, 21, 1, 10, 0, 0, 0, 14, 2, 9, 0, 1, 1, 13, 2, 11, 
0, 1, 3, 7, 3, 4, 0, 0, 1, 7, 0, 2, 0, 0, 5, 6, 0, 3, 0, 0, 2, 
5, 1, 4, 0, 0, 2, 12, 1, 4, 0, 0, 6, 12, 0, 4, 0, 1, 3, 4, 1, 
2, 0, 0, 0, 3, 0, 0, 0, 0, 3, 8, 0, 4, 0, 0, 2, 7, 0, 4, 0, 0, 
0, 16, 1, 10, 0, 1, 3, 15, 0, 4, 0, 0, 0, NA, NA, NA, 0, NA, 
NA, NA, NA, NA, 0, NA, NA, NA, NA, NA, 0, NA, NA, NA, NA, NA, 
0, NA, NA, NA, NA, NA, 0, NA, NA, NA, NA, NA, 0, NA, NA, NA, 
NA, NA, 0, NA, NA, NA, NA, NA, 0, NA, NA, NA, NA, NA, 0, NA, 
NA, NA, NA, NA, 0, NA, NA, NA, NA, NA, 0, NA, NA, NA, NA, NA, 
0, NA, NA, NA, NA, NA, 0, NA, NA, NA, NA, NA, 0, NA, NA, 7, 1, 
3, 0, 0, 3, 7, 2, 2, 0, 0, 1, 11, 0, 7, 0, 1, 4, 11, 0, 7, 0, 
0, 5, 19, 0, 15, 0, 0, 3, 19, 1, 1, 0, 0, 6, 20, 4, 12, 0, 0, 
4, 19, 2, 2, 0, 1, 8, 20, 2, 9, 0, 0, 11, 21, 0, 3, 0, 0, 5, 
14, 3, 4, 0, 0, 7, 13, 1, 2, 0, 0, 4, 15, 1, 8, 0, 1, 5, 15, 
0, 0, 0, 0, 0, 10, 1, 5, 0, 0, 2, 10, 0, 0, 0, 0, 0, 2, 0, 2, 
0, 0, 0, 3, 0, 0, 0, 0, 0, 8, 0, 6, 0, 0, 1, 7, 0, 0, 0, 0, 0, 
2, 0, 2, 0, 0, 0, 3, 0, 0, 0, 0, 0, 8, 1, 6, 0, 0, 1, 7, 0, 0, 
0, 0, 0, 6, 3, 2, 0, 1, 2, 5, 0, 0, 0, 0, 1, 16, 0, 9, 0, 1, 
5, 17, 0, 0, 0, 0, 0, 12, 0, 8, 0, 1, 3, 13, 2, 0, 0, 0, 0, 11, 
1, 6, 0, 1, 3, 11, 0, 1, 0, 0, 0, 14, 3, 8, 0, 0, 4, 14, 3, 1, 
0, 0, 0, 20, 1, 9, 0, 1, 9, 21, 3, 2, 0, 3, 1, 26, 3, 8, 0, 1, 
12, 25, 3, 1, 0, 1, 1, 30, 6, 9, 0, 1, 17, 31, 2, 2, 0, 0, 3, 
28, 7, 13, 0, 0, 10, 28, 4, 9, 0, 0, 5, 37, 3, 18, 0, 3, 9, 37, 
3, 7, 0, 0, 1, 56, 4, 35, 0, 0, 10, 55, 4, 7, 0, 2, 2, 48, 4, 
33, 0, 0, 9, 48, 2, 15, 0, 0, 4, 29, 2, 22, 0, 0, 4, 29, 1, 6, 
0, 0, 3, 28, 2, 20, 0, 0, 5, 28, 2, 6, 0, 1, 3, 24, 1, 15, 0, 
0, 5, 24, 3, 6, 0, 0, 2, 25, 0, 18, 0, 0, 6, 25, 0, 6, 0, 0, 
0, 5, 0, 3, 0, 0, 2, 5, 0, 4, 0, 0, 0, 12, 0, 9, 0, 0, 2, 12, 
1, 5, 0, 0, 4, 12, 2, 8, 0, 0, 2, 11, 0, 5, 0, 0, 5, 15, 1, 8, 
0, 0, 4, 15, 1, 7, 0, 1, 0, 17, 0, 12, 0, 0, 3, 17, 0, 11, 0, 
0, 3, 15, 1, 9, 0, 1, 2, 15, 0, 0, 0, 0, 0, 9, 0, 7, 0, 0, 0, 
9, 0, 0, 0, 0, 0, NA, NA, NA, 0, NA, NA, NA, NA, NA, 0, NA, NA, 
NA, NA, NA, 0, NA, NA, NA, NA, NA, 0, NA, NA, NA, NA, NA, 0, 
NA, NA, NA, NA, NA, 0, NA, NA, NA, NA, NA, 0, NA, NA, NA, NA, 
NA, 0, NA, NA, NA, NA, NA, 0, NA, NA, NA, NA, NA, 0, NA, NA, 
4, 0, 3, 0, 0, 1, 5, 2, 2, 0, 1, 2, 20, 0, 10, 0, 0, 9, 19, 0, 
3, 0, 0, 4, 25, 2, 9, 0, 0, 11, 25, 0, 5, 0, 0, 4, 20, 5, 10, 
0, 1, 4, 21, 0, 3, 0, 1, 3, 24, 1, 14, 0, 0, 10, 24, 3, 1, 0, 
0, 5, 18, 1, 8, 0, 0, 10, 19, 2, 0, 0, 0, 3, 13, 1, 6, 0, 0, 
6, 13, 0, 0, 0, 0, 0, 6, 0, 2, 0, 1, 2, 6, 0, 0, 0, 0, 0, 4, 
1, 2, 0, 0, 1, 4, 0, 0, 0, 0, 0, 9, 0, 7, 0, 0, 2, 9, 0, 0, 0, 
0, 0, 8, 0, 6, 0, 0, 1, 8, 0, 0, 0, 0, 0, 4, 0, 1, 0, 1, 2, 3, 
0, 0, 0, 0, 0, 15, 0, 8, 0, 0, 5, 15, 0, 0, 0, 0, 0, 16, 1, 8, 
0, 0, 5, 17, 0, 0, 0, 0, 0, 18, 0, 5, 0, 1, 9, 18, 0, 0, 0, 0, 
0, 24, 5, 12, 0, 0, 6, 25, 0, 0, 0, 0, 0, 18, 4, 4, 0, 1, 10, 
18, 3, 1, 0, 0, 2, 26, 4, 11, 0, 0, 10, 25, 0, 3, 0, 1, 2, 23, 
11, 6, 0, 0, 8, 23, 3, 7, 0, 1, 5, 24, 2, 8, 0, 1, 16, 24, 7, 
5, 0, 1, 5, 43, 4, 17, 0, 2, 19, 43, 3, 3, 0, 1, 2, 40, 3, 18, 
0, 0, 19, 40, 2, 4, 0, 0, 6, 29, 0, 20, 0, 0, 8, 29, 7, 13, 0, 
1, 7, 36, 3, 25, 0, 1, 6, 36, 0, 16, 0, 0, 2, 39, 5, 23, 0, 0, 
9, 39, 2, 11, 0, 0, 6, 33, 1, 23, 0, 1, 4, 33, 3, 3, 0, 0, 3, 
25, 2, 17, 0, 1, 4, 25, 1, 7, 0, 0, 5, 18, 0, 16, 0, 0, 2, 17, 
0, 8, 0, 0, 2, 12, 0, 9, 0, 0, 2, 12, 2, 6, 0, 0, 1, 11, 3, 7, 
0, 0, 1, 11, 2, 10, 0, 0, 0, 17, 3, 13, 0, 0, 1, 17, 0, 11, 0, 
0, 0, 24, 1, 16, 0, 0, 5, 24, 1, 6, 0, 0, 2, 16, 2, 10, 0, 0, 
2, 15, 0, 7, 0, 0, 3, 12, 1, 9, 0, 0, 3, 13, 1, 8, 0, 0, 0, 6, 
0, 5, 0, 0, 1, 5, 1, 2, 0, 0, 0, NA, NA, NA, 0, NA, NA, NA, NA, 
NA, 0, NA, NA, NA, NA, NA, 0, NA, NA, NA, NA, NA, 0, NA, NA, 
NA, NA, NA, 0, NA, NA, NA, NA, NA, 0, NA, NA, NA, NA, NA, 0, 
NA, NA, NA, NA, NA, 0, NA, NA, NA, NA, NA, 0, NA, NA, NA, NA, 
NA, 0, NA, NA, 6, 0, 1, 0, 0, 4, 6, 0, 2, 0, 0, 2, 16, 1, 6, 
0, 0, 8, 17, 0, 0, 0, 0, 2, 24, 0, 12, 0, 1, 11, 25, 0, 1, 0, 
0, 4, 15, 2, 7, 0, 0, 7, 15, 1, 7, 0, 0, 7, 20, 1, 7, 0, 3, 9, 
21, 3, 1, 0, 1, 7, 24, 2, 14, 0, 0, 7, 23, 0, 1, 0, 0, 0, 21, 
1, 7, 0, 2, 8, 21, 0, 0, 0, 0, 0, 13, 2, 6, 0, 0, 4, 13, 0, 0, 
0, 0, 0, 4, 1, 2, 0, 0, 2, 5, 0, 0, 0, 0, 0, 8, 0, 3, 0, 0, 4, 
8, 0, 0, 0, 0, 0, 10, 0, 6, 0, 0, 3, 10, 0, 0, 0, 0, 0, 7, 1, 
4, 0, 0, 3, 7, 0, 0, 0, 0, 0, 15, 2, 7, 0, 1, 4, 15, 0, 1, 0, 
0, 0, 11, 2, 6, 0, 1, 2, 11, 0, 0, 0, 0, 0, 20, 2, 16, 0, 2, 
0, 21, 0, 0, 0, 0, 0, 10, 2, 6, 0, 1, 3, 9, 2, 1, 0, 0, 1, 17, 
3, 7, 0, 1, 6, 17, 1, 2, 0, 0, 1, 29, 0, 11, 0, 2, 15, 29, 2, 
0, 0, 0, 0, 15, 7, 7, 0, 0, 3, 15, 3, 3, 0, 0, 2, 18, 5, 8, 0, 
2, 6, 19, 8, 7, 0, 2, 6, 40, 6, 10, 0, 3, 21, 41, 6, 5, 0, 1, 
4, 31, 2, 18, 0, 2, 11, 31, 4, 7, 0, 0, 5, 45, 4, 26, 0, 0, 16, 
45, 2, 14, 0, 1, 3, 48, 5, 33, 0, 1, 7, 47, 4, 10, 0, 0, 7, 48, 
2, 29, 0, 1, 13, 47, 3, 12, 0, 0, 3, 28, 1, 20, 0, 0, 7, 29, 
2, 4, 0, 0, 3, 21, 0, 14, 0, 0, 6, 21, 1, 11, 0, 0, 2, 21, 1, 
14, 0, 0, 5, 21, 2, 6, 0, 0, 5, 20, 1, 15, 0, 0, 4, 20, 2, 2, 
0, 0, 1, 16, 5, 12, 0, 0, 0, 15, 1, 1, 0, 0, 0, 16, 1, 15, 0, 
1, 0, 16, 1, 7, 0, 1, 0, 18, 1, 17, 0, 0, 2, 18, 1, 5, 0, 0, 
0, 24, 2, 13, 0, 2, 7, 24, 3, 9, 0, 0, 2, 13, 0, 9, 0, 0, 3, 
13, 2, 4, 0, 0, 0, NA, NA, NA, 0, NA, NA, NA, NA, NA, 0, NA, 
NA, NA, NA, NA, 0, NA, NA, NA, NA, NA, 0, NA, NA, NA, NA, NA, 
0, NA, NA, NA, NA, NA, 0, NA, NA, NA, NA, NA, 0, NA, NA, NA, 
NA, NA, 0, NA, NA, NA, NA, NA, 0, NA, NA, NA, NA, NA, 0, NA, 
NA, NA, NA, NA, 0, NA, NA, NA, NA, NA, 0, NA, NA, 8, 0, 4, 0, 
0, 3, 7, 0, 2, 0, 0, 0, 14, 2, 7, 0, 0, 5, 15, 0, 4, 0, 0, 6, 
15, 1, 8, 0, 0, 5, 15, 0, 4, 0, 1, 3, 20, 3, 9, 0, 1, 7, 20, 
2, 5, 0, 0, 6, 28, 0, 21, 0, 0, 7, 29, 1, 3, 0, 1, 6, 20, 4, 
12, 0, 1, 6, 20, 1, 1, 0, 2, 2, 22, 2, 11, 0, 1, 8, 21, 0, 0, 
0, 0, 0, 10, 1, 7, 0, 1, 3, 10, 0, 0, 0, 0, 0, 5, 0, 3, 0, 0, 
1, 5, 0, 0, 0, 0, 0, 6, 0, 3, 0, 1, 2, 7, 0, 0, 0, 0, 0, 8, 2, 
5, 0, 0, 2, 8, 0, 0, 0, 0, 0, 6, 0, 5, 0, 0, 1, 5, 0, 0, 0, 0, 
0, 12, 2, 6, 0, 1, 2, 12, 0, 0, 0, 1, 1, 18, 0, 12, 0, 0, 1, 
17, 0, 0, 0, 0, 0, 20, 0, 12, 0, 1, 7, 20, 2, 0, 0, 2, 0, 22, 
0, 12, 0, 0, 8, 21, 1, 0, 0, 1, 1, 12, 2, 7, 0, 0, 3, 13, 0, 
2, 0, 0, 2, 25, 4, 10, 0, 3, 11, 25, 2, 4, 0, 1, 1, 20, 1, 9, 
0, 1, 8, 20, 3, 3, 0, 1, 3, 29, 7, 11, 0, 2, 11, 29, 4, 2, 0, 
1, 6, 32, 6, 9, 0, 0, 14, 31, 3, 2, 0, 1, 4, 41, 4, 16, 0, 2, 
18, 41, 5, 4, 0, 2, 4, 34, 2, 20, 0, 1, 12, 34, 4, 5, 0, 0, 4, 
39, 4, 28, 0, 0, 8, 39, 5, 11, 0, 2, 1, 40, 2, 18, 0, 2, 16, 
40, 3, 12, 0, 1, 5, 38, 2, 24, 0, 1, 7, 37, 1, 5, 0, 1, 5, 37, 
1, 25, 0, 0, 7, 37, 1, 13, 0, 0, 1, 23, 1, 18, 0, 0, 5, 23, 0, 
9, 0, 0, 2, 25, 1, 15, 0, 0, 8, 25, 1, 4, 0, 0, 1, 20, 0, 16, 
0, 0, 1, 19, 4, 11, 0, 0, 2, 26, 2, 20, 0, 0, 4, 27, 0, 10, 0, 
0, 1, 16, 0, 13, 0, 0, 2, 17, 0, 12, 0, 0, 1, 23, 5, 16, 0, 0, 
2, 23, 1, 11, 0, 0, 3, 30, 2, 21, 0, 0, 4, 30, 2, 15, 0, 0, 2, 
17, 1, 14, 0, 0, 3, 17, 0, 0, 0, 0, 0, NA, NA, NA, 0, NA, NA, 
NA, NA, NA, 0, NA, NA, NA, NA, NA, 0, NA, NA, NA, NA, NA, 0, 
NA, NA, NA, NA, NA, 0, NA, NA, NA, NA, NA, 0, NA, NA, NA, NA, 
NA, 0, NA, NA, NA, NA, NA, 0, NA, NA, NA, NA, NA, 0, NA, NA, 
NA, NA, NA, 0, NA, NA, 7, 1, 5, 0, 0, 1, 7, 0, 2, 0, 0, 1, 15, 
1, 4, 0, 0, 8, 15, 1, 2, 0, 0, 2, 28, 4, 17, 0, 1, 9, 29, 0, 
2, 0, 1, 4, 27, 2, 13, 0, 1, 11, 27, 1, 4, 0, 0, 6, 25, 2, 17, 
0, 1, 4, 25, 3, 9, 0, 1, 5, 26, 3, 14, 0, 0, 13, 27, 4, 2, 0, 
0, 7, 18, 0, 10, 0, 0, 7, 17, 0, 0, 0, 0, 0, 17, 1, 12, 0, 0, 
2, 17, 0, 0, 0, 0, 0, 14, 1, 10, 0, 0, 3, 14, 0, 0, 0, 0, 0, 
12, 3, 6, 0, 0, 2, 12, 0, 0, 0, 0, 0, 14, 2, 7, 0, 0, 4, 14, 
0, 0, 0, 0, 1, 12, 3, 9, 0, 2, 1, 13, 0, 0, 0, 0, 0, 14, 4, 7, 
0, 1, 1, 14, 1, 1, 0, 0, 0, 10, 1, 5, 0, 0, 4, 9, 4, 2, 0, 1, 
1, 26, 4, 16, 0, 0, 5, 27, 0, 0, 0, 0, 0, 25, 2, 12, 0, 1, 9, 
25, 0, 0, 0, 0, 0, 27, 5, 9, 0, 1, 11, 27, 0, 1, 0, 1, 0, 37, 
2, 18, 0, 0, 14, 37, 0, 5, 0, 0, 5, 24, 4, 11, 0, 1, 6, 24, 8, 
1, 0, 0, 3, 33, 4, 10, 0, 2, 16, 33, 0, 1, 0, 0, 5, 35, 3, 17, 
0, 3, 12, 35, 4, 5, 0, 1, 10, 28, 3, 14, 0, 0, 10, 27, 1, 7, 
0, 1, 2, 32, 0, 20, 0, 0, 7, 31, 2, 5, 0, 0, 8, 52, 2, 30, 0, 
2, 18, 51, 4, 12, 0, 0, 6, 56, 5, 30, 0, 0, 16, 55, 0, 9, 0, 
1, 5, 50, 3, 24, 0, 2, 15, 51, 6, 6, 0, 0, 2, 28, 1, 23, 0, 1, 
2, 28, 1, 4, 0, 0, 7, 26, 1, 24, 0, 0, 3, 26, 0, 10, 0, 0, 2, 
22, 1, 15, 0, 0, 4, 22, 0, 9, 0, 0, 1, 14, 0, 11, 0, 0, 3, 14, 
0, 14, 0, 0, 3, 33, 3, 23, 0, 0, 7, 33, 0, 7, 0, 0, 0, 14, 2, 
11, 0, 0, 1, 14, 0, 15, 0, 0, 1, 24, 1, 18, 0, 0, 3, 23, 1, 16, 
0, 0, 2, 36, 3, 28, 0, 0, 4, 37, 1, 17, 0, 0, 2, 24, 1, 15, 0, 
0, 5, 24, 1, 4, 0, 0, 1, 10, 0, 7, 0, 0, 1, 11, 0, 2, 0, 0, 2, 
NA, NA, NA, 0, NA, NA, NA, NA, NA, 0, NA, NA, NA, NA, NA, 0, 
NA, NA, NA, NA, NA, 0, NA, NA, NA, NA, NA, 0, NA, NA, NA, NA, 
NA, 0, NA, NA, NA, NA, NA, 0, NA, NA, NA, NA, NA, 0, NA, NA, 
10, 0, 8, 0, 0, 3, 10, 1, 2, 0, 0, 5, 16, 2, 7, 0, 0, 6, 16, 
1, 6, 0, 1, 3, 24, 0, 12, 0, 1, 10, 23, 1, 4, 0, 1, 5, 22, 2, 
11, 0, 1, 8, 22, 2, 3, 0, 1, 6, 32, 2, 22, 0, 1, 7, 32, 1, 5, 
0, 0, 6, 24, 2, 7, 0, 1, 14, 24, 3, 4, 0, 0, 3, 26, 0, 15, 0, 
0, 10, 26, 0, 0, 0, 1, 0, 16, 2, 8, 0, 1, 6, 17, 0, 1, 0, 0, 
0, 22, 1, 12, 0, 0, 6, 21, 0, 0, 0, 0, 0, 20, 0, 13, 0, 1, 3, 
20, 0, 0, 0, 0, 1, 20, 4, 9, 0, 0, 5, 19, 0, 0, 0, 0, 0, 29, 
0, 21, 0, 1, 6, 29, 0, 0, 0, 0, 0, 27, 3, 19, 0, 2, 6, 27, 0, 
0, 0, 0, 0, 24, 1, 15, 0, 1, 9, 25, 0, 0, 0, 0, 2, 32, 1, 17, 
0, 1, 13, 33, 1, 1, 0, 0, 1, 24, 0, 17, 0, 0, 10, 25, 0, 6, 0, 
1, 1, 36, 6, 25, 0, 0, 7, 37, 0, 1, 0, 0, 1, 50, 6, 21, 0, 2, 
17, 51, 0, 3, 0, 1, 0, 38, 1, 17, 0, 2, 13, 39, 1, 2, 0, 1, 2, 
36, 3, 20, 0, 0, 12, 37, 3, 10, 0, 1, 3, 53, 4, 28, 0, 0, 18, 
53, 0, 6, 0, 1, 3, 41, 4, 24, 0, 1, 11, 41, 0, 9, 0, 1, 3, 53, 
4, 23, 0, 4, 22, 53, 1, 4, 0, 0, 6, 32, 0, 22, 0, 0, 9, 33, 1, 
21, 0, 2, 6, 46, 1, 31, 0, 1, 9, 47, 0, 13, 0, 0, 8, 24, 0, 18, 
0, 1, 6, 25, 1, 11, 0, 2, 4, 20, 1, 15, 0, 2, 5, 19, 2, 14, 0, 
0, 1, 18, 3, 12, 0, 0, 2, 18, 3, 10, 0, 0, 1, 22, 3, 18, 0, 0, 
1, 23, 2, 4, 0, 0, 4, 22, 2, 11, 0, 1, 7, 22, 0, 3, 0, 0, 1, 
14, 0, 14, 0, 0, 2, 14, 0, 9, 0, 0, 3, 17, 1, 11, 0, 0, 6, 17, 
1, 11, 0, 0, 3, 17, 1, 16, 0, 0, 2, 17, 3, 15, 0, 0, 2, 21, 1, 
16, 0, 1, 3, 21, 2, 13, 0, 0, 5, 14, 2, 11, 0, 0, 1, 15, 1, 10, 
0, 2, 1, 10, 0, 8, 0, 0, 2, 9, 1, 4, 0, 0, 3, NA, NA, NA, 0, 
NA, NA, NA, NA, NA, 0, NA, NA, NA, NA, NA, 0, NA, NA, NA, NA, 
NA, 0, NA, NA, NA, NA, NA, 0, NA, NA, NA, NA, NA, 0, NA, NA, 
NA, NA, NA, 0, NA, NA, NA, NA, NA, 0, NA, NA, 20, 1, 15, 0, 0, 
2, 20, 2, 3, 0, 0, 6, 32, 4, 16, 0, 1, 9, 33, 2, 3, 0, 1, 10, 
20, 2, 9, 0, 0, 11, 20, 0, 3, 0, 0, 11, 28, 3, 17, 0, 1, 9, 28, 
2, 4, 0, 0, 13, 36, 4, 18, 0, 1, 10, 35, 0, 3, 0, 2, 0, 10, 0, 
5, 0, 0, 6, 11, 1, 3, 0, 0, 5, 24, 2, 15, 0, 0, 6, 25, 1, 3, 
0, 0, 4, 18, 1, 13, 0, 0, 6, 18, 0, 0, 0, 0, 5, 20, 3, 7, 0, 
1, 11, 21, 1, 3, 0, 0, 6, 22, 1, 12, 0, 1, 6, 23, 4, 2, 0, 1, 
5, 36, 3, 20, 0, 0, 12, 35, 0, 0, 0, 0, 5, 38, 4, 17, 0, 0, 14, 
39, 3, 6, 0, 1, 4, 32, 1, 20, 0, 0, 10, 31, 3, 5, 0, 0, 4, 42, 
4, 18, 0, 0, 17, 42, 3, 12, 0, 0, 2, 42, 3, 22, 0, 1, 15, 43, 
2, 10, 0, 1, 4, 49, 4, 30, 0, 1, 12, 49, 4, 8, 0, 1, 2, 49, 3, 
36, 0, 0, 9, 49, 2, 9, 0, 1, 4, 48, 2, 29, 0, 1, 12, 47, 1, 10, 
0, 1, 2, 42, 6, 23, 0, 3, 12, 43, 2, 10, 0, 1, 6, 46, 5, 25, 
0, 3, 15, 46, 2, 13, 0, 0, 5, 48, 3, 26, 0, 2, 19, 49, 0, 7, 
0, 1, 7, 38, 1, 22, 0, 1, 15, 37, 4, 6, 0, 0, 3, 46, 4, 19, 0, 
0, 19, 45, 3, 11, 0, 1, 9, 35, 4, 18, 0, 2, 11, 35, 4, 7, 0, 
0, 9, 36, 5, 26, 0, 0, 4, 36, 0, 12, 0, 0, 3, 17, 2, 8, 0, 0, 
6, 17, 1, 8, 0, 1, 3, 20, 0, 14, 0, 0, 4, 21, 0, 6, 0, 0, 5, 
NA, NA, NA, 0, NA, NA, NA, NA, NA, 0, NA, NA, 24, 0, 21, 0, 0, 
1, 25, 0, 6, 0, 0, 0, NA, NA, NA, 0, NA, NA, NA, NA, NA, 0, NA, 
NA, NA, NA, NA, 0, NA, NA, NA, NA, NA, 0, NA, NA, 16, 1, 11, 
0, 0, 2, 15, 1, 8, 0, 0, 0, 14, 0, 14, 0, 0, 1, 14, 1, 7, 0, 
0, 2, 26, 0, 21, 0, 1, 3, 26, 0, 8, 0, 0, 2, 16, 0, 13, 0, 0, 
1, 16, 1, 6, 0, 1, 2, 9, 1, 8, 0, 0, 0, 9, 0, 6, 0, 1, 2, NA, 
NA, NA, 0, NA, NA, NA, NA, NA, 0, NA, NA, NA, NA, NA, 0, NA, 
NA, NA, NA, NA, 0, NA, NA, NA, NA, NA, 0, NA, NA, NA, NA, NA, 
0, NA, NA, NA, NA, NA, 0, NA, NA, NA, NA, NA, 0, NA, NA, 14, 
1, 8, 0, 0, 4, 15, 2, 3, 0, 1, 3, 26, 2, 13, 0, 3, 8, 27, 0, 
2, 0, 1, 2, 26, 0, 12, 0, 1, 11, 25, 0, 4, 0, 0, 5, 32, 1, 16, 
0, 0, 13, 31, 3, 7, 0, 0, 1, 21, 2, 13, 0, 1, 5, 21, 0, 2, 0, 
1, 4, NA, NA, NA, 0, NA, NA, NA, NA, NA, 0, NA, NA, 14, 2, 8, 
0, 0, 3, 14, 0, 5, 0, 0, 6, 16, 2, 9, 0, 0, 5, 15, 2, 4, 0, 0, 
6, 21, 2, 13, 0, 0, 6, 21, 1, 3, 0, 1, 5, 24, 1, 13, 0, 1, 10, 
24, 1, 6, 0, 0, 1, 27, 1, 16, 0, 0, 9, 27, 0, 4, 0, 1, 2, 32, 
3, 16, 0, 2, 8, 32, 2, 0, 0, 0, 2, 25, 2, 17, 0, 1, 8, 25, 1, 
1, 0, 0, 3, 28, 0, 14, 0, 1, 13, 29, 1, 9, 0, 1, 3, 36, 5, 13, 
0, 0, 16, 36, 3, 7, 0, 0, 8, 46, 0, 26, 0, 3, 13, 45, 1, 6, 0, 
0, 5, 41, 1, 19, 0, 1, 17, 41, 3, 3, 0, 0, 4, 40, 1, 27, 0, 2, 
10, 41, 0, 11, 0, 1, 4, 46, 7, 31, 0, 1, 11, 46, 2, 11, 0, 0, 
6, 26, 4, 17, 0, 1, 8, 27, 1, 9, 0, 1, 4, 39, 4, 29, 0, 0, 10, 
39, 1, 8, 0, 0, 7, 27, 3, 18, 0, 0, 6, 27, 3, 5, 0, 0, 5, 26, 
2, 16, 0, 0, 8, 27, 0, 6, 0, 0, 5, 28, 2, 13, 0, 0, 11, 29, 1, 
6, 0, 0, 5, NA, NA, NA, 0, NA, NA, NA, NA, NA, 0, NA, NA, NA, 
NA, NA, 0, NA, NA, NA, NA, NA, 0, NA, NA, NA, NA, NA, 0, NA, 
NA, NA, NA, NA, 0, NA, NA, NA, NA, NA, 0, NA, NA, NA, NA, NA, 
0, NA, NA, NA, NA, NA, 0, NA, NA, NA, NA, NA, 0, NA, NA, NA, 
NA, NA, 0, NA, NA, NA, NA, NA, 0, NA, NA, NA, NA, NA, 0, NA, 
NA, NA, NA, NA, 0, NA, NA, NA, NA, NA, 0, NA, NA, NA, NA, NA, 
0, NA, NA, NA, NA, NA, 0, NA, NA, NA, NA, NA, 0, NA, NA, NA, 
NA, NA, 0, NA, NA, NA, NA, NA, 0, NA, NA, NA, NA, NA, 0, NA, 
NA, NA, NA, NA, 0, NA, NA, NA, NA, NA, 0, NA, NA, NA, NA, NA, 
0, NA, NA, NA, NA, NA, 0, NA, NA, NA, NA, NA, 0, NA, NA, NA, 
NA, NA, 0, NA, NA, NA, NA, NA, 0, NA, NA, NA, NA, NA, 0, NA, 
NA, NA, NA, NA, 0, NA, NA, NA, NA, NA, 0, NA, NA, NA, NA, NA, 
0, NA, NA, NA, NA, NA, 0, NA, NA, NA, NA, NA, 0, NA, NA, 27, 
2, 14, 0, 0, 10, 27, 2, 0, 0, 0, 2, 21, 1, 12, 0, 3, 7, 21, 2, 
4, 0, 0, 8, 24, 2, 15, 0, 1, 5, 24, 3, 1, 0, 0, 5, NA, NA, NA, 
0, NA, NA, NA, NA, NA, 0, NA, NA, NA, NA, NA, 0, NA, NA, NA, 
NA, NA, 0, NA, NA, NA, NA, NA, 0, NA, NA, NA, NA, NA, 0, NA, 
NA, NA, NA, NA, 0, NA, NA, NA, NA, NA, 0, NA, NA, NA, NA, NA, 
0, NA, NA, NA, NA, NA, 0, NA, NA, NA, NA, NA, 0, NA, NA, NA, 
NA, NA, 0, NA, NA, 28, 3, 14, 0, 1, 8, 28, 1, 2, 0, 0, 2, 18, 
1, 13, 0, 1, 5, 19, 2, 0, 0, 0, 2, 25, 0, 15, 0, 2, 5, 25, 2, 
4, 0, 1, 8, 24, 4, 17, 0, 0, 5, 25, 1, 5, 0, 0, 4, 36, 1, 23, 
0, 1, 10, 37, 3, 7, 0, 0, 1, 34, 3, 18, 0, 1, 7, 33, 0, 4, 0, 
0, 5, 31, 3, 22, 0, 0, 4, 31, 6, 11, 0, 0, 2, 36, 0, 29, 0, 1, 
6, 37, 4, 16, 0, 1, 5, 36, 0, 20, 0, 0, 11, 36, 1, 8, 0, 2, 3, 
36, 4, 20, 0, 4, 7, 35, 1, 4, 0, 0, 4, 21, 5, 10, 0, 1, 5, 21, 
3, 10, 0, 1, 1, 29, 4, 18, 0, 1, 7, 29, 2, 12, 0, 1, 4, 24, 3, 
16, 0, 0, 4, 23, 0, 9, 0, 1, 5, 25, 1, 16, 0, 0, 6, 25, 1, 4, 
0, 0, 3, NA, NA, NA, 0, NA, NA, NA, NA, NA, 0, NA, NA, NA, NA, 
NA, 0, NA, NA, NA, NA, NA, 0, NA, NA, NA, NA, NA, 0, NA, NA, 
NA, NA, NA, 0, NA, NA, NA, NA, NA, 0, NA, NA, NA, NA, NA, 0, 
NA, NA, NA, NA, NA, 0, NA, NA, NA, NA, NA, 0, NA, NA, NA, NA, 
NA, 0, NA, NA, NA, NA, NA, 0, NA, NA, NA, NA, NA, 0, NA, NA, 
NA, NA, NA, 0, NA, NA, NA, NA, NA, 0, NA, NA, NA, NA, NA, 0, 
NA, NA, NA, NA, NA, 0, NA, NA, NA, NA, NA, 0, NA, NA, NA, NA, 
NA, 0, NA, NA, NA, NA, NA, 0, NA, NA, NA, NA, NA, 0, NA, NA, 
NA, NA, NA, 0, NA, NA, NA, NA, NA, 0, NA, NA, NA, NA, NA, 0, 
NA, NA, NA, NA, NA, 0, NA, NA, NA, NA, NA, 0, NA, NA, NA, NA, 
NA, 0, NA, NA, NA, NA, NA, 0, NA, NA, NA, NA, NA, 0, NA, NA, 
NA, NA, NA, 0, NA, NA, NA, NA, NA, 0, NA, NA, NA, NA, NA, 0, 
NA, NA, NA, NA, NA, 0, NA, NA, NA, NA, NA, 0, NA, NA, NA, NA, 
NA, 0, NA, NA, NA, NA, NA, 0, NA, NA, NA, NA, NA, 0, NA, NA, 
NA, NA, NA, 0, NA, NA, NA, NA, NA, 0, NA, NA, NA, NA, NA, 0, 
NA, NA, NA, NA, NA, 0, NA, NA, NA, NA, NA, 0, NA, NA, NA, NA, 
NA, 0, NA, NA, NA, NA, NA, 0, NA, NA, NA, NA, NA, 0, NA, NA, 
NA, NA, NA, 0, NA, NA, NA, NA, NA, 0, NA, NA, NA, NA, NA, 0, 
NA, NA, NA, NA, NA, 0, NA, NA, NA, NA, NA, 0, NA, NA, NA, NA, 
NA, 0, NA, NA, NA, NA, NA, 0, NA, NA, NA, NA, NA, 0, NA, NA, 
NA, NA, NA, 0, NA, NA, NA, NA, NA, 0, NA, NA, NA, NA, NA, 0, 
NA, NA, NA, NA, NA, 0, NA, NA, NA, NA, NA, 0, NA, NA, NA, NA, 
NA, 0, NA, NA, NA, NA, NA, 0, NA, NA, NA, NA, NA, 0, NA, NA, 
NA, NA, NA, 0, NA, NA, NA, NA, NA, 0, NA, NA, NA, NA, NA, 0, 
NA, NA, NA, NA, NA, 0, NA, NA, NA, NA, NA, 0, NA, NA, NA, NA, 
NA, 0, NA, NA, NA, NA, NA, 0, NA, NA, NA, NA, NA, 0, NA, NA, 
NA, NA, NA, 0, NA, NA, NA, NA, NA, 0, NA, NA, NA, NA, NA, 0, 
NA, NA, NA, NA, NA, 0, NA, NA, NA, NA, NA, 0, NA, NA, NA, NA, 
NA, 0, NA, NA, NA, NA, NA, 0, NA, NA, NA, NA, NA, 0, NA, NA, 
NA, NA, NA, 0, NA, NA, NA, NA, NA, 0, NA, NA, NA, NA, NA, 0, 
NA, NA, NA, NA, NA, 0, NA, NA, NA, NA, NA, 0, NA, NA, NA, NA, 
NA, 0, NA, NA, NA, NA, NA, 0, NA, NA, NA, NA, NA, 0, NA, NA, 
NA, NA, NA, 0, NA, NA, NA, NA, NA, 0, NA, NA, NA, NA, NA, 0, 
NA, NA, NA, NA, NA, 0, NA, NA, NA, NA, NA, 0, NA, NA, NA, NA, 
NA, 0, NA, NA, NA, NA, NA, 0, NA, NA, NA, NA, NA, 0, NA, NA, 
NA, NA, NA, 0, NA, NA, NA, NA, NA, 0, NA, NA, NA, NA, NA, 0, 
NA, NA, NA, NA, NA, 0, NA, NA, NA, NA, NA, 0, NA, NA, NA, NA, 
NA, 0, NA, NA, NA, NA, NA, 0, NA, NA, NA, NA, NA, 0, NA, NA, 
NA, NA, NA, 0, NA, NA, NA, NA, NA, 0, NA, NA, NA, NA, NA, 0, 
NA, NA, NA, NA, NA, 0, NA, NA, NA, NA, NA, 0, NA, NA, NA, NA, 
NA, 0, NA, NA, NA, NA, NA, 0, NA, NA, NA, NA, NA, 0, NA, NA, 
NA, NA, NA, 0, NA, NA, NA, NA, NA, 0, NA, NA, NA, NA, NA, 0, 
NA, NA, NA, NA, NA, 0, NA, NA, NA, NA, NA, 0, NA, NA, NA, NA, 
NA, 0, NA, NA, NA, NA, NA, 0, NA, NA, NA, NA, NA, 0, NA, NA, 
NA, NA, NA, 0, NA, NA, NA, NA, NA, 0, NA, NA, NA, NA, NA, 0, 
NA, NA, NA, NA, NA, 0, NA, NA, NA, NA, NA, 0, NA, NA, NA, NA, 
NA, 0, NA, NA, NA, NA, NA, 0, NA, NA, NA, NA, NA, 0, NA, NA, 
NA, NA, NA, 0, NA, NA, NA, NA, NA, 0, NA, NA, NA, NA, NA, 0, 
NA, NA, NA, NA, NA, 0, NA, NA, NA, NA, NA, 0, NA, NA, NA, NA, 
NA, 0, NA, NA, NA, NA, NA, 0, NA, NA, NA, NA, NA, 0, NA, NA, 
NA, NA, NA, 0, NA, NA, NA, NA, NA, 0, NA, NA, NA, NA, NA, 0, 
NA, NA, NA, NA, NA, 0, NA, NA, NA, NA, NA, 0, NA, NA, NA, NA, 
NA, 0, NA, NA, NA, NA, NA, 0, NA, NA, NA, NA, NA, 0, NA, NA, 
NA, NA, NA, 0, NA, NA, NA, NA, NA, 0, NA, NA, NA, NA, NA, 0, 
NA, NA, NA, NA, NA, 0, NA, NA, NA, NA, NA, 0, NA, NA, NA, NA, 
NA, 0, NA, NA, NA, NA, NA, 0, NA, NA, NA, NA, NA, 0, NA, NA, 
NA, NA, NA, 0, NA, NA, NA, NA, NA, 0, NA, NA, NA, NA, NA, 0, 
NA, NA, NA, NA, NA, 0, NA, NA, NA, NA, NA, 0, NA, NA, NA, NA, 
NA, 0, NA, NA, NA, NA, NA, 0, NA, NA, NA, NA, NA, 0, NA, NA, 
NA, NA, NA, 0, NA, NA, NA, NA, NA, 0, NA, NA, NA, NA, NA, 0, 
NA, NA, NA, NA, NA, 0, NA, NA, NA, NA, NA, 0, NA, NA, NA, NA, 
NA, 0, NA, NA, NA, NA, NA, 0, NA, NA, NA, NA, NA, 0, NA, NA, 
NA, NA, NA, 0, NA, NA, NA, NA, NA, 0, NA, NA, NA, NA, NA, 0, 
NA, NA, NA, NA, NA, 0, NA, NA, NA, NA, NA, 0, NA, NA, NA, NA, 
NA, 0, NA, NA, NA, NA, NA, 0, NA, NA, NA, NA, NA, 0, NA, NA, 
NA, NA, NA, 0, NA, NA, NA, NA, NA, 0, NA, NA, NA, NA, NA, 0, 
NA, NA, NA, NA, NA, 0, NA, NA, NA, NA, NA, 0, NA, NA, NA, NA, 
NA, 0, NA, NA, NA, NA, NA, 0, NA, NA, NA, NA, NA, 0, NA, NA, 
NA, NA, NA, 0, NA, NA, NA, NA, NA, 0, NA, NA, NA, NA, NA, 0, 
NA, NA, NA, NA, NA, 0, NA, NA, NA, NA, NA, 0, NA, NA, NA, NA, 
NA, 0, NA, NA, NA, NA, NA, 0, NA, NA), dim = c(12L, 920L))
